40696
42373
42645
43069
40823
