16039
15543
8238
15268
16155
